K38A 42.6472 -92.7709 32.976 1.980
K39A 42.705 -91.8878 35.427 1.838
K40A 42.6999 -91.1383 42.035 1.769
K41A 42.6071 -90.3046 40.453 1.818
K43A 42.7044 -88.332 38.508 1.747
K46A 42.6864 -85.7834 36.501 1.717
K47A 42.6704 -84.9993 35.946 1.792
KF28 37.7532 -87.8091 45.386 1.798
KF30 37.8847 -87.3937 43.538 1.857
KF34 37.823 -86.8078 45.496 1.806
KG27 37.6473 -87.9012 43.362 1.792
KG29 37.7179 -87.4726 45.010 1.810
KG31 37.653 -87.1805 43.995 1.832
KG35 37.6431 -86.6141 42.417 1.860
KG37 37.6568 -86.2797 41.456 1.920
KG41 37.6661 -85.7428 40.918 1.757
KH32 37.4233 -87.2761 40.423 1.820
KH34 37.474 -86.9269 40.513 1.907
KH38 37.3921 -86.3046 47.568 1.861
KH44 37.502 -85.4645 38.462 1.923
KH46 37.4669 -85.2482 42.547 1.971
KH48 37.4455 -85.0052 42.542 1.949
KH49 37.437 -84.7353 55.421 1.818
KH50 37.417 -84.4633 47.541 1.922
KH54 37.4149 -84.16 46.010 1.850
KH56 37.3148 -83.9502 42.972 1.827
KI33 37.3191 -86.9601 33.464 1.839
KI37 37.2561 -86.389 38.047 1.969
KI39 37.2944 -86.0838 45.022 1.801
KI41 37.2992 -85.817 38.480 1.976
KI43 37.2805 -85.5691 48.000 1.780
KI45 37.2665 -85.2339 48.521 1.879
KI47 37.2462 -84.9904 51.568 1.773
KI49 37.2207 -84.7498 46.940 1.856
KI51 37.1857 -84.5075 49.967 1.893
KI53 37.1845 -84.2061 43.950 1.906
KJ30 37.0871 -87.3385 52.970 1.681
KJ34 37.1098 -86.9234 50.454 1.784
KJ36 37.1025 -86.587 52.966 1.747
KJ40 37.1449 -86.0187 44.975 1.899
KJ42 37.1185 -85.7507 45.965 1.960
KJ46 37.0821 -85.3614 46.457 1.809
KJ48 37.0498 -85.0474 43.999 1.892
KJ50 37.0462 -84.5808 47.890 1.897
KJ52 36.9186 -84.25 47.001 1.879
KK36 36.9355 -86.5777 50.943 1.706
KK38 36.903 -86.2871 48.099 1.810
KK40 36.8802 -86.0141 42.872 1.994
KK44 36.9076 -85.4932 43.912 1.838
KK46 36.8709 -85.2468 46.087 1.814
KK48 36.8672 -84.9442 41.890 1.988
KK50 36.8694 -84.8024 51.062 1.799
KK52 36.8372 -84.5091 53.008 1.827
L38A 42.141 -92.9597 40.574 1.912
L39A 42.1234 -92.0007 38.122 1.830
L40A 42.0628 -91.2218 37.052 1.791
L41A 42.0751 -90.4977 36.999 1.809
L42A 42.004 -89.667 40.499 1.845
L43A 42.1833 -88.7423 40.010 1.789
L44A 42.1782 -87.9119 37.957 1.777
L46A 42.0127 -86.2955 47.076 1.652
L47A 41.9756 -85.2021 35.027 1.771
L48A 41.9438 -84.4329 39.917 1.797
LA19 38.6944 -88.8699 45.511 1.927
LA21 38.7749 -88.5598 46.473 1.888
LB18 38.4544 -89.0516 41.024 1.933
LB22 38.5073 -88.488 44.565 1.922
LB26 38.5122 -87.9705 47.786 1.769
LC19 38.3611 -88.8554 41.943 1.950
LC21 38.3129 -88.6176 46.526 1.828
LC25 38.3224 -87.9882 49.071 1.822
LD12 38.1506 -89.9279 41.919 1.927
LD14 38.1305 -89.6138 46.431 1.840
LD18 38.1654 -89.1138 44.937 1.846
LD20 38.1485 -88.8538 44.580 1.831
LD22 38.1394 -88.4326 47.364 1.739
LD24 38.184 -88.2267 48.880 1.781
LE11 38.0657 -90.0121 49.586 1.794
LE13 37.974 -89.7496 48.517 1.790
LE17 37.9874 -89.1763 46.584 1.922
LE19 38.0065 -88.8787 42.086 1.834
LE21 37.9939 -88.6868 41.086 1.891
LE23 38.0293 -88.3642 43.550 1.800
LE25 38.0006 -88.034 53.656 1.731
LF16 37.8216 -89.5137 42.522 1.862
LF18 37.7818 -89.1733 43.996 1.860
LF22 37.7764 -88.5971 43.570 1.814
LF24 37.8302 -88.3871 46.080 1.843
LF26 37.745 -88.13 45.942 1.848
LG19 37.5957 -89.0459 44.976 1.802
LG25A 37.6625 -88.4588 42.926 1.908
LH16 37.4427 -89.3084 43.067 1.872
LH18 37.4132 -89.104 44.101 1.791
LH20 37.5179 -88.8349 44.492 1.761
LH22 37.4976 -88.5491 40.564 1.871
LH24 37.4818 -88.2727 51.963 1.726
LI21 37.2764 -88.6512 40.453 1.859
LOKY 37.2366 -88.2946 43.563 1.769
M38A 41.4175 -93.1965 42.092 1.740
M39A 41.4786 -92.1725 40.494 1.772
M40A 41.406 -91.5121 38.004 1.764
M41A 41.375 -90.5422 37.497 1.878
M43A 41.4365 -88.9581 36.504 1.902
M44A 41.3882 -88.0432 38.103 1.902
M47A 41.3594 -85.6214 38.543 1.833
M48A 41.4846 -84.7171 37.848 1.807
M49A 41.4745 -83.9752 41.999 1.838
MD02 38.1717 -91.3975 44.983 1.750
MD04 38.1345 -91.0348 41.500 1.861
MD06 38.1275 -90.7588 48.985 1.722
ME01 37.9555 -91.427 41.084 1.823
ME03 37.9457 -91.1726 41.084 1.890
ME05 37.968 -90.873 41.369 1.877
MF04 37.7803 -91.0328 42.940 1.788
MF08 37.7591 -90.6309 42.967 1.797
MF14 37.8018 -89.8023 47.345 1.830
MG03 37.6053 -91.182 46.457 1.709
MG09 37.5574 -90.3541 40.489 1.810
MG13 37.5888 -89.882 45.443 1.840
MG15 37.5623 -89.5996 46.471 1.834
MG15A 37.5766 -89.5748 45.000 1.834
N38A 40.7931 -93.235 42.057 1.821
N39A 40.8776 -92.5023 40.866 1.789
N40A 40.8841 -91.5837 38.891 1.809
N41A 40.7077 -90.8552 35.410 1.889
N42A 40.829 -90.0345 47.417 1.719
N43A 40.9394 -89.1735 44.400 1.890
N44A 40.7953 -88.1333 44.089 1.744
N45A 40.8479 -87.5118 43.036 1.814
N46A 40.8949 -86.7352 43.954 1.778
N47A 40.8801 -85.6942 31.493 1.851
N48A 40.8591 -85.0271 37.885 1.769
N49A 40.922 -84.1825 42.100 1.799
NB28 38.4148 -87.6073 43.910 1.838
NC29 38.3182 -87.503 54.099 1.703
ND26 38.2196 -87.9203 49.558 1.819
ND28 38.0787 -87.6839 56.481 1.721
ND30 38.1215 -87.2793 45.989 1.806
ND32 38.1662 -87.0638 49.939 1.776
NE27 37.966 -87.8226 48.473 1.823
NE29 38.0455 -87.419 41.943 1.920
NE31 37.9743 -87.1727 46.898 1.768
O38A 40.1215 -93.4731 43.554 1.752
O39A 40.2544 -92.5438 42.552 1.790
O40A 40.1212 -91.874 40.954 1.879
O41A 40.1156 -90.882 38.054 1.811
O42A 40.1956 -90.0812 41.503 1.790
O43A 40.2856 -89.313 41.936 1.938
O44A 40.1526 -88.4671 47.464 1.861
O45A 40.2489 -87.7244 44.505 1.800
O47A 40.2361 -86.1742 41.932 1.709
O48A 40.2571 -85.1553 36.454 1.799
O49A 40.188 -84.3353 36.968 1.860
O50A 40.1468 -83.6199 43.565 1.878
P38A 39.6248 -93.5321 39.935 1.806
P39B 39.4876 -92.7541 43.484 1.760
P40A 39.5299 -92.0483 45.592 1.723
P41A 39.675 -91.0619 39.989 1.924
P42A 39.5853 -90.3443 39.454 1.984
P43A 39.6409 -89.5213 47.589 1.663
P44A 39.4676 -88.6209 46.534 1.855
P45A 39.5277 -87.7439 40.056 1.913
P46A 39.6178 -87.2067 49.621 1.812
P47A 39.4869 -86.2699 40.532 1.848
P48A 39.4605 -85.4258 36.480 1.790
P49A 39.5342 -84.7164 45.373 1.727
P50A 39.6086 -83.7988 47.536 1.742
Q38A 38.9609 -93.6182 54.535 1.679
Q39A 39.0455 -92.9759 42.067 1.754
Q40A 38.9946 -92.0748 42.012 1.780
Q41A 38.9539 -91.2317 47.547 1.823
Q42A 38.912 -90.5331 48.918 1.846
Q43A 38.941 -89.6991 57.037 1.781
Q44A 38.9032 -89.017 52.450 1.849
Q45A 38.8948 -88.1565 41.987 1.831
Q46A 39.0231 -87.3575 53.055 1.711
Q47A 38.9362 -86.4261 47.000 1.759
Q48A 38.9295 -85.7311 42.910 1.827
Q49A 39.005 -84.8956 37.578 1.919
Q50A 38.8436 -83.979 45.976 1.810
R39A 38.3138 -93.0383 38.427 1.893
R40A 38.2909 -92.2684 41.913 1.749
R41A 38.2976 -91.3795 45.981 1.720
R42A 38.2804 -90.7944 47.548 1.900
R43A 38.276 -89.9308 55.479 1.730
R44A 38.2475 -89.0809 46.960 1.880
R45A 38.2926 -88.2812 44.573 1.876
R46A 38.2124 -87.5114 41.992 1.959
R47A 38.2957 -86.527 43.041 1.840
R48A 38.4001 -85.8714 47.474 1.822
R49A 38.2916 -85.1714 54.130 1.748
R51A 38.3001 -83.5834 56.519 1.822
S39A 37.691 -93.3226 44.007 1.845
S40A 37.5988 -92.5014 47.469 1.767
S41A 37.5877 -91.7458 45.165 1.732
S42A 37.77 -90.7939 45.063 1.721
S43A 37.5716 -90.0754 42.367 1.808
S45A 37.6774 -88.5804 42.037 1.889
S46A 37.6849 -87.7153 41.056 1.870
S47A 37.5946 -86.8779 41.038 1.908
S48A 37.6574 -86.0569 41.020 1.880
S49A 37.7849 -85.2875 52.459 1.738
S51A 37.6392 -83.5935 43.082 1.849
SFIN 40.379 -87.0967 44.900 1.767
SLM 38.6361 -90.2364 47.623 1.853
SOKY 37.5256 -85.9619 37.956 1.916
T39A 37.0241 -93.3774 39.379 1.928
T40A 37.1504 -92.5193 41.015 1.832
T41A 37.0436 -91.7636 38.953 1.849
T42A 37.0301 -91.0927 38.568 1.850
T43A 37.0833 -90.2878 37.970 1.830
T44A 37.086 -89.5896 41.959 1.780
T45A 37.0196 -88.6447 40.450 1.859
T46A 37.0417 -87.8941 36.612 1.846
T47A 36.9881 -87.1055 43.479 1.981
T49A 37.105 -85.5334 48.927 1.799
T50A 37.0204 -84.8384 45.385 1.898
T51A 36.9655 -83.9454 44.415 1.827
U39A 36.3823 -93.4805 40.586 1.839
U40A 36.3563 -92.8535 41.933 1.779
U41A 36.344 -91.9203 42.024 1.871
U42A 36.3514 -91.2383 43.517 1.808
U44A 36.5047 -89.6863 44.559 1.874
U47A 36.4413 -87.2892 38.902 1.968
U48A 36.5107 -86.5402 47.903 1.881
U49A 36.5129 -85.7796 42.109 1.943
U50A 36.4156 -84.8431 50.068 1.809
U51A 36.3786 -84.0165 43.557 1.869
U52A 36.3929 -83.3671 44.571 1.792
V40A 35.8044 -92.8232 42.527 1.753
V41A 35.7851 -92.1554 38.574 1.803
V42A 35.806 -91.39 37.523 1.838
V44A 35.8282 -89.8954 33.965 1.812
V46A 35.8007 -88.1177 37.390 1.808
V47A 35.8278 -87.5205 40.069 1.843
V49A 35.7663 -85.903 39.503 1.870
V50A 35.6713 -85.1 48.544 1.807
V51A 35.8033 -84.3511 44.473 1.806
V52A 35.8417 -83.5959 42.941 1.801
W40A 35.1923 -93.0693 44.918 1.917
W41B 35.1736 -92.2479 41.023 1.851
W42A 35.2732 -91.5224 41.002 1.751
W43A 35.0877 -90.7061 34.069 1.912
W44A 35.1395 -89.8161 36.541 1.743
W46A 35.1333 -88.3783 42.958 1.772
W47A 35.2511 -87.5946 53.502 1.790
W48A 35.1386 -86.9333 49.050 1.812
W49A 35.1194 -86.2645 50.557 1.813
W50A 35.2002 -85.3119 46.993 1.773
W51A 35.1606 -84.7599 43.422 1.817
W52A 35.0935 -83.9277 47.955 1.850
WB04 38.9878 -89.2151 51.103 1.808
WB05 38.9451 -89.1286 53.092 1.802
X42A 34.5532 -91.6262 39.933 1.820
X44A 34.4998 -90.1462 45.933 1.699
X47A 34.5178 -87.8571 44.023 1.840
X48A 34.4517 -87.0452 44.099 1.781
X49A 34.5126 -86.326 45.955 1.779
X50B 34.4611 -85.6499 43.558 1.859
X51A 34.5658 -84.8574 48.537 1.828
X53A 34.5031 -83.3013 42.570 1.733
